<?xml version="1.0"?>
<opencv_storage>
<Camera_Matrix type_id="opencv-matrix">
<rows>3</rows>
<cols>3</cols>
<dt>d</dt>
<data>
272.2231185759359 0 154.8843580291847 0 271.568182396733 141.7000906179848 0 0 1
</data></Camera_Matrix>
<Distortion_Coefficients type_id="opencv-matrix">
<rows>1</rows>
<cols>5</cols>
<dt>d</dt>
<data>
-0.09455618198613956 0.175728016224986 0.006744101459804697 0.003300175875986158 0
</data></Distortion_Coefficients>
<Projection_Matrix type_id="opencv-matrix">
<rows>3</rows>
<cols>4</cols>
<dt>d</dt>
<data>
295.4237650223439 0 167.6398315429688 -25.11546735346396 0 295.4237650223439 134.906063079834 0 0 0 1 0
</data></Projection_Matrix>
<Per_View_Reprojection_Errors type_id="opencv-matrix">
<rows>3</rows>
<cols>3</cols>
<dt>d</dt>
<data>
0.9995658882696353 -0.003158752995506064 -0.02929261489263415 0.003235378317727155 0.9999914666822136 0.002568830453004497 0.0292842506285541 -0.002662487984664657 0.9995675784172152
</data></Per_View_Reprojection_Errors>
</opencv_storage>
